type,n,dims,qbit,rounding,cbit,compile_time,key_time,sk_score,simul_score,sk_disable,fhe_time
moon,7,2,3,4,7,2.066303253173828,83.0106041431427,0.625,0.625,0.625,3.254581928253174
moon,7,2,3,5,7,3.449406385421753,105.64111566543579,0.625,0.625,0.625,3.2432854175567627
moon,7,2,3,6,7,2.080164670944214,95.45247554779053,0.625,0.625,0.625,3.3395488262176514
moon,7,2,3,-1,7,1.0135178565979004,89.10526275634766,0.625,0.625,0.625,4.854279279708862
moon,15,2,3,3,7,12.471964836120605,inf
circle,7,2,3,4,7,2.5491695404052734,158.89631962776184,0.8,0.9333333333333333,0.866666666666666716,1.05247521400452
circle,7,2,3,5,7,9.243339538574219,inf
moon,15,2,3,4,7,46.233643770217896,172.33130478858948,0.5,0.5,0.5,4.5741965770721436
circle,7,2,3,6,7,8.8831148147583,150.86798810958862,0.8,0.8666666666666667,0.866666666666666711.724072933197021
moon,15,2,3,5,7,42.85203409194946,156.4183611869812,0.5,0.5,0.51,8.58235502243042
circle,7,2,3,-1,7,1.3183445930480957,198.65426421165466,0.8,0.8666666666666667,0.86666666666666672,3.592021465301514
classif,5,5,3,4,8,2.8242390155792236,147.83849024772644,0.5333333333333333,0.6,0.61,6.707029819488525
circle,15,2,3,4,7,25.996467351913452,188.16739153862,0.5333333333333333,0.6666666666666666,0.66666666666666661,8.3466157913208
circle,15,2,3,5,7,40.14409327507019,561.9373829364777,0.2,0.2,0.2,6.076900243759155
classif,5,5,3,5,8,6.15706729888916,200.83744621276855,0.5333333333333333,0.6666666666666666,0.66666666666666662,8.96543550491333
classif,10,10,3,3,8,21.88136601448059,661.592871427536,0.2,0.2,0.21,4.829694271087646
classif,5,5,3,6,8,17.19353461265564,612.8934051990509,0.7,0.5,0.52,3.617332458496094
classif,10,10,3,4,8,15.30735969543457,687.5121850967407,0.7,0.6,0.61,7.695513010025024
classif,5,5,3,-1,8,0.8666610717773438,inf
classif,10,10,3,5,8,66.32562923431396,765.9895553588867,0.7,0.6,0.63,0.05647039413452
moon,17,2,3,3,7,56.26926231384277,983.4796614646912,0.2,0.2,0.23,8.91649127006531
117.98495268821716,0.9444444444444444,0.7222222222222222,0.72222222222222225.705312252044678
moon,17,2,3,4,7,244.64937472343445,93.78510785102844,0.9444444444444444,0.8333333333333334,0.8333333333333334,7.19752836227417
moon,17,2,3,5,7,293.3927249908447,162.73130655288696,0.9444444444444444,0.8888888888888888,0.88888888888888881,2.663878440856934
circle,17,2,3,3,7,21.01648497581482,81.86593055725098,0.3888888888888889,0.3333333333333333,0.3333333333333333,6.426748991012573
circle,17,2,3,4,7,100.70470595359802,89.65598464012146,0.3888888888888889,0.3888888888888889,0.3888888888888889,6.595115423202515
circle,17,2,3,5,7,20.03171467781067,130.42765045166016,0.3888888888888889,0.3888888888888889,0.3333333333333333,8.86755633354187
classif,10,15,3,3,7,14.745316505432129,77.52315616607666,0.5,0.3,0.3,4.497633695602417
classif,10,15,3,4,7,4.882961273193359,85.59625792503357,0.5,0.3,0.5,4.823771238327026
classif,10,15,3,5,7,18.646342039108276,115.97409868240356,0.5,0.3,0.4,6.65617299079895
moon,20,2,3,3,7,262.2827913761139,81.51576018333435,0.85,0.9,0.9,7.730576753616333
moon,20,2,3,4,7,93.089284658432,91.48434400558472,0.85,0.85,0.85,7.5898003578186035
moon,20,2,3,5,7,36.09142208099365,145.3592174053192,0.85,0.85,0.851,1.136043071746826
circle,20,2,3,3,7,50.2165892124176,81.85450887680054,0.5,0.4,0.4,6.6786158084869385
circle,20,2,3,4,7,31.201845407485962,90.83859610557556,0.5,0.55,0.55,7.132993698120117
circle,20,2,3,5,7,38.14661264419556,129.86599922180176,0.5,0.45,0.451,0.279406070709229
classif,10,20,3,3,8,55.852691888809204,345.39288878440857,0.7,0.8,0.91,1.811741590499878
classif,10,20,3,4,8,5.12485408782959,12463.928943634033,0.7,0.8,0.81,0.479674100875854
classif,10,20,3,5,8,10.676660537719727,390.07376885414124,0.7,0.8,0.91,2.460526466369629
moon,22,2,3,3,7,45.7819402217865,82.17059183120728,0.7391304347826086,0.6521739130434783,0.6521739130434783,7.484481334686279
moon,22,2,3,4,7,253.93519973754883,90.49560904502869,0.7391304347826086,0.6956521739130435,0.6956521739130435,7.885631322860718
moon,22,2,3,5,7,51.37427306175232,145.31280207633972,0.7391304347826086,0.782608695652174,0.7826086956521741,1.509645462036133
circle,22,2,3,3,7,45.96663212776184,82.18202137947083,0.5217391304347826,0.5217391304347826,0.5217391304347826,6.511255502700806
circle,22,2,3,4,7,110.98900508880615,92.05676126480103,0.5217391304347826,0.4782608695652174,0.4782608695652174,7.842241048812866
circle,22,2,3,5,7,438.55028676986694,165.2715446949005,0.5217391304347826,0.5652173913043478,0.56521739130434781,4.972391605377197
classif,10,25,3,3,9,18.96102476119995,1509.7326760292053,0.7,0.8,0.82,5.156437397003174
classif,10,25,3,4,9,15.487616777420044,1513.635211467743,0.7,0.9,0.92,4.780203819274902
classif,10,25,3,5,8,6.41704535484314,355.8342287540436,0.7,0.8,0.81,1.198556900024414
moon,30,2,3,3,7,206.45809936523438,81.43894910812378,0.8,0.8,0.8,7.696240663528442
moon,30,2,3,4,7,126.44183564186096,91.88414287567139,0.8,0.8333333333333334,0.8333333333333334,7.971354722976685
moon,30,2,3,5,7,179.84791207313538,173.29265570640564,0.8,0.8,0.81,7.54921007156372
circle,30,2,3,3,7,125.53543639183044,82.02515721321106,0.8,0.6333333333333333,0.6333333333333333,7.481395959854126
circle,30,2,3,4,7,204.9261770248413,91.56592917442322,0.8,0.7666666666666667,0.7666666666666667,8.46679425239563
circle,30,2,3,5,7,757.9429183006287,160.0866847038269,0.8,0.6333333333333333,0.63333333333333331,4.26719069480896
classif,25,10,3,3,8,70.54139041900635,351.20562958717346,0.72,0.64,0.641,0.268373727798462
classif,25,10,3,4,8,262.73915362358093,366.04228138923645,0.72,0.6,0.61,0.615837574005127
classif,25,10,3,5,8,68.19550013542175,433.6124904155731,0.72,0.6,0.61,5.13703465461731
moon,32,2,3,3,7,150.4969882965088,81.83996272087097,0.9696969696969697,0.9090909090909091,0.9090909090909091,7.700989484786987
moon,32,2,3,4,7,158.82074666023254,92.35783004760742,0.9696969696969697,0.9393939393939394,0.9393939393939394,8.619781017303467
moon,32,2,3,5,7,161.70721006393433,144.90912747383118,0.9696969696969697,0.9090909090909091,0.90909090909090911,2.757911920547485
moon,15,2,3,-1,7,6.075787305831909,inf
circle,15,2,3,-1,7,6.442967653274536,inf
classif,10,10,3,-1,8,2.3191280364990234,inf
moon,15,2,3,-1,7,6.341532945632935,129.09860110282898,0.8,0.8,0.812,3.42512130737305
circle,15,2,3,-1,7,6.406927108764648,129.97661638259888,0.3333333333333333,0.4,0.41,2.040205955505371
classif,10,10,3,-1,9,2.5629985332489014,4452.394596338272,0.8,0.7,0.7